[{"id": 0, "img_name": "0001", "width": 299, "height": 600, "position": [-1.5507638289835741, 0.6162054355285062, -0.8655896737190808], "rotation": [[0.9035157242245379, -0.34214849561755206, 0.25805763508498436], [0.3027932468618553, 0.9357914052301597, 0.1805843170162309], [-0.30327476936577574, -0.08502266076763912, 0.9491025031165635]], "fy": 418.3340454630496, "fx": 377.67890421472885}, {"id": 1, "img_name": "0002", "width": 299, "height": 600, "position": [-1.5637895848772096, 0.5826947622660079, -0.9189562728824918], "rotation": [[0.8952255058183429, -0.35282643269762987, 0.27218523494516866], [0.31140709376722975, 0.9322488583678226, 0.1842218445878209], [-0.31874271079310906, -0.08015968102329453, 0.9444456097915348]], "fy": 418.3340454630496, "fx": 377.67890421472885}, {"id": 2, "img_name": "0003", "width": 299, "height": 600, "position": [-1.5566471474608838, 0.42637095308831985, -0.9283697504639428], "rotation": [[0.8731207829773004, -0.37876836349169185, 0.3069114288372644], [0.3293642687372451, 0.9224638974159097, 0.20144363093289883], [-0.359415187230987, -0.07479896243983433, 0.9301751654423155]], "fy": 418.3340454630496, "fx": 377.67890421472885}, {"id": 3, "img_name": "0004", "width": 299, "height": 600, "position": [-2.1301604840399735, 0.1168371170078023, -0.7034870416717454], "rotation": [[0.8238718447818526, -0.42420390651313195, 0.3758806048132106], [0.35723135506969256, 0.9035282845354519, 0.23669051100433844], [-0.4400237974596581, -0.06072631014166483, 0.8959304509423487]], "fy": 418.3340454630496, "fx": 377.67890421472885}, {"id": 4, "img_name": "0005", "width": 299, "height": 600, "position": [-2.379079588558182, -0.2732631368901677, -0.07026831373348048], "rotation": [[0.7518278841919431, -0.48798554474699707, 0.443424109255961], [0.3989767446235546, 0.8721064216381595, 0.2832806851641588], [-0.5249498926574391, -0.03606241056087075, 0.850368809836933]], "fy": 418.3340454630496, "fx": 377.67890421472885}, {"id": 5, "img_name": "0006", "width": 299, "height": 600, "position": [-2.6212007293577275, -0.6450921207691735, 0.38922404071195793], "rotation": [[0.6397673848813274, -0.5635661033114104, 0.5225810371994951], [0.43881978020820833, 0.8260652330387662, 0.35362894573638726], [-0.6309793132426189, 0.0030786300527508234, 0.7757935474705052]], "fy": 418.3340454630496, "fx": 377.67890421472885}, {"id": 6, "img_name": "0007", "width": 299, "height": 600, "position": [-3.6426310881400354, -1.1286727804307015, 0.7852553142254277], "rotation": [[0.5064656954309228, -0.6375694198807278, 0.5805150593952096], [0.4835248551088407, 0.767433114774245, 0.42101084171298375], [-0.7139301183194656, 0.06746591125044436, 0.6969592075405139]], "fy": 418.3340454630496, "fx": 377.67890421472885}, {"id": 7, "img_name": "0008", "width": 299, "height": 600, "position": [-3.744609891105493, -1.4912180013871694, 1.5631989458613027], "rotation": [[0.3348534517124365, -0.7019705333410673, 0.6285781862243747], [0.5078644106395646, 0.6963547079475524, 0.5071132626199071], [-0.7936919467161015, 0.14942386369029736, 0.5896826287740454]], "fy": 418.3340454630496, "fx": 377.67890421472885}, {"id": 8, "img_name": "0009", "width": 299, "height": 600, "position": [-3.4384078257943003, -1.9493311838585008, 2.260187849229966], "rotation": [[0.1367087567499272, -0.7499688422138395, 0.6471919742520928], [0.5136423267341206, 0.6123055133309552, 0.6010436910339167], [-0.8470432551027411, 0.2502572557448602, 0.46892326657141237]], "fy": 418.3340454630496, "fx": 377.67890421472885}, {"id": 9, "img_name": "0010", "width": 299, "height": 600, "position": [-3.665368956134744, -2.5780664476510355, 3.205139040002796], "rotation": [[-0.07736165436471133, -0.7685007829189212, 0.6351548796057227], [0.49831960341744513, 0.5219760813250285, 0.6922561255593536], [-0.8635350295638478, 0.37006420683115576, 0.34257807218003955]], "fy": 418.3340454630496, "fx": 377.67890421472885}, {"id": 10, "img_name": "0025", "width": 299, "height": 600, "position": [6.55320963265021, -1.8574300200729472, 3.147651235091], "rotation": [[0.08342020261227756, 0.4608854787157313, -0.883530217539331], [-0.6043970903834391, 0.7283300512608125, 0.32286141541914704], [0.79230374663519, 0.5070699280566668, 0.339315282780554]], "fy": 418.3340454630496, "fx": 377.67890421472885}, {"id": 11, "img_name": "0026", "width": 299, "height": 600, "position": [6.239344015600865, -1.4033022601595742, 2.2201616258021355], "rotation": [[0.25646176355550016, 0.4611932070566105, -0.8494281544656035], [-0.5834820183986967, 0.7744967627455812, 0.24434299396953812], [0.7705686848291886, 0.43296141890641165, 0.4677267489669167]], "fy": 418.3340454630496, "fx": 377.67890421472885}, {"id": 12, "img_name": "0027", "width": 299, "height": 600, "position": [5.937525854568782, -0.9588504818947883, 1.31326789238942], "rotation": [[0.41304094837724376, 0.4479964918227768, -0.7929037257310068], [-0.5401481991553926, 0.8214836035727567, 0.1827692862882167], [0.733237408969846, 0.3527943202144877, 0.5812908649820537]], "fy": 418.3340454630496, "fx": 377.67890421472885}, {"id": 13, "img_name": "0028", "width": 299, "height": 600, "position": [5.200642592133792, -0.5380363317676065, 0.9756096768030403], "rotation": [[0.5586913122785672, 0.42046347413874186, -0.7148947366568255], [-0.48492968432138284, 0.8648814626899919, 0.12970449783713695], [0.6728352092811553, 0.27420890286495, 0.6870969791384506]], "fy": 418.3340454630496, "fx": 377.67890421472885}, {"id": 14, "img_name": "0029", "width": 299, "height": 600, "position": [4.450641131256821, -0.08455456644266396, 0.5229162697549815], "rotation": [[0.6949042296569098, 0.36974637813700134, -0.616762294129194], [-0.4145070474244913, 0.9068158888813546, 0.07660842843805997], [0.5876155369290088, 0.2024167965532713, 0.7834126762012116]], "fy": 418.3340454630496, "fx": 377.67890421472885}, {"id": 15, "img_name": "0030", "width": 299, "height": 600, "position": [3.6872126263429683, 0.3393893118583682, -0.2091579443117529], "rotation": [[0.8041546359250487, 0.3108387318239679, -0.5066701138988954], [-0.3355925846110519, 0.9409491762853328, 0.04463479362590998], [0.4906250489674636, 0.13414145685067297, 0.8609838156897334]], "fy": 418.3340454630496, "fx": 377.67890421472885}, {"id": 16, "img_name": "0031", "width": 299, "height": 600, "position": [2.553014179871161, 0.7572254977360093, -0.36562607379456424], "rotation": [[0.8919639172128645, 0.24224184781657368, -0.3817319184410628], [-0.25333048364649396, 0.9671343077179207, 0.021792129093129598], [0.3744650002947081, 0.07726653869166214, 0.9240161500498215]], "fy": 418.3340454630496, "fx": 377.67890421472885}, {"id": 17, "img_name": "0032", "width": 299, "height": 600, "position": [1.6543482371054314, 1.0661318136304812, -0.3142405464432669], "rotation": [[0.9521474213731657, 0.16764993910194706, -0.25555583713064506], [-0.1720862756340236, 0.9850688434302745, 0.0050682779474193656], [0.25258978940337684, 0.03915190444991002, 0.9667810127775074]], "fy": 418.3340454630496, "fx": 377.67890421472885}, {"id": 18, "img_name": "0033", "width": 299, "height": 600, "position": [1.0480471017564432, 1.4095921369672493, -0.6599526312687503], "rotation": [[0.9855325125364887, 0.09148950209091304, -0.14267213372159598], [-0.09399347103360207, 0.995513181884342, -0.010896425907991914], [0.14103508122652164, 0.02414903107103399, 0.9897100232703306]], "fy": 418.3340454630496, "fx": 377.67890421472885}, {"id": 19, "img_name": "0034", "width": 299, "height": 600, "position": [0.6640055899634969, 1.6350327996859384, -0.8885393760633781], "rotation": [[0.998158607442689, 0.02695768111372077, -0.05433854816833963], [-0.028443358989364665, 0.9992372639322354, -0.026755666663758542], [0.053575831467875076, 0.028251969810810976, 0.9981640428728812]], "fy": 418.3340454630496, "fx": 377.67890421472885}, {"id": 20, "img_name": "0035", "width": 299, "height": 600, "position": [0.2958847439604585, 1.6799392005657854, -0.9063404721859228], "rotation": [[0.9997421109996701, -0.02174945308685797, 0.006532440917904414], [0.02195493716737443, 0.9992065245829103, -0.03323103917903843], [-0.005804500658970431, 0.033365888589466805, 0.9994263480871091]], "fy": 418.3340454630496, "fx": 377.67890421472885}, {"id": 21, "img_name": "0036", "width": 299, "height": 600, "position": [-0.07736237698227837, 1.7449883917437599, -0.9391056533993047], "rotation": [[0.9970295617593925, -0.05520307871866659, 0.05370915264509793], [0.0573563592423878, 0.9975755628265924, -0.03941122309273412], [-0.05140331732808581, 0.042374715942266834, 0.9977785738411503]], "fy": 418.3340454630496, "fx": 377.67890421472885}, {"id": 22, "img_name": "0037", "width": 299, "height": 600, "position": [-0.24058820509194467, 1.5799439355019846, -1.0024455211608805], "rotation": [[0.9941226622510365, -0.07537642384349853, 0.077707960515489], [0.07930901023211186, 0.9956536671430288, -0.04882474782977946], [-0.07368998096698291, 0.05470072973191533, 0.9957799038300993]], "fy": 418.3340454630496, "fx": 377.67890421472885}, {"id": 23, "img_name": "0038", "width": 299, "height": 600, "position": [-0.3531659177785041, 1.486028883737747, -0.9440425997419405], "rotation": [[0.9922572896024497, -0.08381129723874321, 0.09165772027472298], [0.0887488838228818, 0.994738055355453, -0.05118434182291064], [-0.08688559633790259, 0.05892255665541821, 0.9944742457530994]], "fy": 418.3340454630496, "fx": 377.67890421472885}]